968.6244239631333 843.1082949308754
1072.3110599078339 786.426267281106
1159.4078341013822 726.979262672811
1234.0622119815664 677.2096774193549
1307.3341013824881 630.205069124424
1375.0760368663591 580.4354838709678
1438.670506912442 538.9608294930875
1499.4999999999995 500.2511520737328
971.3894009216588 747.7165898617511
1077.8410138248846 692.4170506912442
1170.4677419354837 632.9700460829494
1247.8870967741932 584.5829493087558
1323.9239631336402 537.5783410138249
1395.8133640552992 491.95622119815675
1458.0253456221194 453.2465437788019
1521.6198156682024 413.15437788018437
975.5368663594468 638.5
1083.3709677419351 587.3479262672811
1180.1451612903222 529.2834101382489
1260.3294930875572 483.6612903225807
1337.748847926267 438.03917050691257
1409.638248847926 393.79953917050705
1475.9976958525342 353.70737327188954
1538.2096774193544 316.3801843317973
981.0668202764975 522.3709677419355
1075.0760368663591 468.4539170506913
1171.8502304147462 411.77188940092174
1258.9470046082947 370.2972350230416
1336.3663594470042 324.67511520737344
1415.1682027649765 284.58294930875593
1484.2926267281102 247.2557603686637
1552.0345622119812 212.69354838709683
874.6152073732717 787.8087557603686
871.8502304147462 691.0345622119816
870.4677419354837 581.8179723502304
877.380184331797 464.3064516129033
978.301843317972 406.2419354838711
1075.0760368663591 355.08986175115217
1160.790322580645 314.99769585253466
1239.5921658986172 272.1405529953919
1318.3940092165894 234.81336405529964
1387.5184331797232 200.25115207373278
1455.2603686635941 169.83640552995416
791.6658986175112 725.5967741935484
787.5184331797232 631.5875576036866
783.3709677419351 529.2834101382489
787.5184331797232 411.77188940092174
888.4400921658985 352.3248847926268
982.4493087557601 309.467741935484
1070.928571428571 270.75806451612914
1151.1129032258061 233.4308755760369
1228.5322580645159 196.10368663594477
1299.0391705069121 164.3064516129034
1365.3986175115203 133.89170506912455
717.0115207373269 671.6797235023041
710.0990783410136 576.2880184331798
703.1866359447004 473.98387096774195
705.9516129032256 360.6198156682028
804.1082949308754 308.08525345622127
898.117511520737 266.6105990783411
985.2142857142856 227.90092165898636
1065.3986175115206 191.95622119815675
1144.2004608294928 158.77649769585264
1213.3248847926263 131.1267281105993
1282.44930875576 102.09447004608319
